55
834
690
910
982
273
163
949
920
367
111
29
734
819
734
74
234
212
977
158
124
237
165
594
957
219
505
285
824
580
557
31
33
24
652
963
498
675
150
107
929
557
709
508
498
608
235
816
874
604
350
908
931
513
445
929
894
955
331
965
626
568
126
527
422
131
362
202
211
940
899
810
515
337
219
679
442
532
439
576
422
447
26
969
367
72
144
169
467
368
555
800
957
30
566
901
34
959
850
969
256
914
153
426
254
300
5
114
502
832
623
880
778
578
588
405
455
968
746
358
479
205
533
399
903
544
140
996
725
561
339
440
890
504
778
569
386
621
66
759
9
935
458
153
884
480
705
937
211
845
928
479
520
107
628
346
231
961
59
16
681
233
83
542
628
673
412
880
83
11
860
486
571
202
409
832
777
928
161
713
836
538
156
611
368
789
507
771
427
170
257
440
702
455
992
261
128
538
543
60
753
257
489
391
883
683
412
788
20
452
380
243
405
354
350
634
199
469
651
771
919
329
345
532
713
20
69
644
476
699
48
553
204
615
834
927
343
116
340
980
216
737
380
884
398
166
474
702
264
330
530
897
967
265
730
257
364
902
871
507
819
547
92
572
874
958
34
44
577
770
553
625
373
236
953
610
480
309
876
102
775
987
813
716
848
124
4
594
83
687
745
374
373
790
348
124
116
651
347
317
386
993
143
888
387
322
388
739
640
802
57
648
482
930
396
895
40
722
486
394
767
201
150
23
992
964
269
714
495
440
528
547
233
113
64
101
829
78
873
647
2
657
611
738
153
726
753
335
148
195
937
587
459
613
691
746
2
387
396
434
219
247
321
199
632
580
171
680
226
829
405
615
99
844
990
822
647
47
496
771
832
839
618
290
449
830
774
880
355
51
877
585
917
518
303
441
730
685
875
293
714
699
527
672
778
137
414
43
949
688
534
369
107
648
874
386
455
397
514
241
954
829
709
598
74
62
71
666
949
561
403
232
1
646
195
85
906
975
306
46
562
322
36
572
586
540
423
404
444
242
64
305
831
512
885
665
904
878
417
260
888
438
897
985
508
478
184
200
561
535
290
867
446
194
969
51
88
650
978
922
496
794
627
129
41
920
381
250
124
90
166
135
8
595
662
121
602
720
509
177
919
492
126
469
375
1000
335
898
616
195
781
144
491
274
244
163
118
389
28
232
833
417
878
451
213
283
345
61
415
474
314
831
176
188
124
91
974
868
180
95
665
535
690
965
151
180
316
287
678
22
838
734
325
357
30
773
122
23
343
116
481
419
961
781
334
349
918
16
98
287
296
126
26
586
688
401
517
315
224
363
998
441
945
803
974
603
786
606
736
899
95
110
788
603
661
500
300
759
655
665
841
303
896
872
861
124
536
281
974
730
355
923
760
798
19
749
229
966
612
26
659
5
519
869
17
997
152
270
923
804
965
571
468
955
869
905
300
381
151
190
225
611
99
209
49
463
660
856
575
847
74
464
74
140
657
590
454
971
171
896
847
438
213
587
934
370
544
403
856
730
65
127
929
105
636
886
575
192
461
870
633
588
19
258
778
994
24
504
82
761
731
900
102
470
767
41
65
629
627
831
963
214
301
871
899
538
156
244
585
361
372
307
622
999
983
499
880
857
635
803
530
862
249
278
69
665
46
854
478
980
902
89
308
967
945
576
981
118
547
127
291
32
115
101
642
14
217
454
142
295
572
821
86
81
966
828
41
391
190
380
475
813
888
569
346
899
425
53
526
695
481
475
865
962
74
869
493
566
871
119
237
97
200
580
468
801
966
637
83
857
585
401
578
776
177
89
787
884
376
307
593
860
880
734
60
516
136
952
988
494
756
213
430
152
491
192
434
118
194
507
129
463
473
186
712
266
699
210
220
10
948
816
376
815
985
399
709
788
938
961
915
532
159
498
344
834
451
879
238
393
906
741
630
975
980
36
422
565
567
937
771
443
173
661
328
34
397
101
433
479
294
544
377
624
244
135
120
761
925
711
498
422
638
334
327
423
591
13
233
859
513
337
433
624
135
959
15
34
564
783
135
565
749
162
290
925
396
732
441
121
57
518
4
845
574
981
610
787
167
158
49
790
993
255
874
746
994
348
146
467
163
814
459
677
124
974
86
144
399
238
369
804
948
315
381
560
729
533
305
711
330
717
919
338
35
674
671
34
503
600
229
71
51
606
726
99
46
232
714
456
370
472
96
590
178
532
648
5
328
591
510
126
189
221
27
464
253
21
885
205
82
436
602
973
720
162
114
248
315
351
780
581
696
649
209
112
854
463
724
582
201
46
58
55
981
373
757
805
198
583
959
9
933
29
830
997
842
728
632
518
285
648
869
72
120
396
862
445
295
557
901
376
669
800
18
239
623
669
999
794
619
648
344
657
688
492
231
440
622
298
108
545
810
255
760
305
102
58
701
388
205
913
812
80
574
603
152
351
842
392
642
102
750
377
582
187
148
234
312
940
434
266
571
569
248
469
335
803
197
832
645
132
310
776
131
205
884
153
611
721
362
123
431
769
443
711
644
73
760
390
77
488
255
947
58
104
33
640
512
687
549
838
835
121
459
447
699
142
997
127
384
74
680
838
706
270
637
847
151
528
359
861
915
833
312
930
192
837
301
842
35
439
19
824
474
138
968
984
115
328
541
276
156
936
919
476
867
240
485
751
337
32
354
964
404
398
197
276
717
87
997
479
36
278
108
238
51
336
177
913
109
788
453
255
273
557
557
710
525
284
90
860
161
71
916
589
159
727
802
108
873
123
915
228
561
973
998
363
556
699
935
381
86
621
828
164
36
71
197
479
351
496
133
511
17
674
724
580
968
737
405
816
200
9
546
586
310
563
873
844
453
919
956
404
799
835
763
106
466
963
443
734
454
808
360
854
130
668
437
892
972
287
753
176
938
111
66
754
729
352
63
359
24
733
822
640
407
124
936
648
999
381
489
956
354
336
956
876
490
757
690
453
373
597
774
792
662
652
165
807
917
148
21
716
736
786
945
836
728
470
842
80
824
66
322
421
809
311
728
907
978
136
288
922
641
552
295
959
505
772
803
88
415
79
174
15
663
156
256
888
375
805
465
586
112
110
357
902
856
914
246
655
646
775
908
753
477
893
785
580
461
799
622
186
636
222
621
535
419
277
562
513
48
535
883
425
494
370
717
155
961
811
904
212
569
673
903
977
409
619
213
575
42
979
554
321
130
674
989
119
647
867
971
849
374
556
267
250
480
763
614
492
472
140
140
601
22
322
987
767
528
427
415
457
308
477
708
729
937
910
418
411
979
219
941
289
518
156
2
241
489
922
678
95
823
366
125
582
455
862
84
623
270
319
999
44
29
739
877
937
665
41
846
401
974
821
35
753
207
196
486
351
117
44
37
59
434
22
914
26
469
696
700
815
206
356
269
421
433
506
870
605
674
177
913
560
218
454
566
176
143
816
105
21
527
108
427
772
907
779
89
6
796
647
376
777
845
611
178
90
914
44
332
18
405
365
923
731
27
479
219
249
497
189
692
763
843
846
144
167
92
976
921
880
253
402
429
975
561
597
992
708
720
289
134
243
249
173
908
446
275
350
562
990
727
464
98
980
690
767
63
672
578
469
643
758
176
358
626
452
765
889
663
292
526
716
98
172
564
841
63
353
413
375
103
765
786
114
26
726
394
147
412
801
170
323
625
486
193
140
863
455
203
694
683
286
872
631
503
532
901
580
929
750
449
592
172
674
150
655
517
823
826
510
599
582
842
27
174
558
214
73
955
388
491
32
550
593
321
714
151
876
814
517
16
491
136
424
196
16
839
480
332
435
772
308
262
528
892
967
137
269
478
161
735
546
708
559
659
114
848
977
94
642
1000
682
179
288
602
589
763
657
979
756
684
571
228
166
708
98
159
677
393
758
48
998
696
188
531
355
395
38
46
711
199
839
734
276
233
493
130
259
230
673
435
108
616
11
465
126
82
40
618
812
295
352
360
977
757
171
201
15
900
351
231
452
509
128
762
415
889
763
421
778
65
817
880
217
932
169
459
242
214
322
21
727
193
522
792
449
282
825
400
370
184
305
795
587
316
89
813
869
564
799
378
479
58
628
65
928
16
951
447
527
63
979
739
639
891
251
268
785
206
350
325
831
675
316
124
88
496
97
384
16
124
565
778
377
887
919
786
588
705
934
627
575
264
173
564
966
885
903
844
998
846
1000
137
276
394
754
933
201
413
360
570
528
177
834
508
476
624
526
63
171
516
918
112
654
69
583
58
294
294
247
358
929
868
90
451
701
821
178
43
704
388
627
273
644
842
657
838
406
386
155
519
453
225
842
183
259
14
189
225
806
74
180
697
746
917
621
740
190
560
241
913
575
772
498
481
587
820
382
397
37
15
513
819
845
834
465
939
767
435
289
698
392
828
55
264
566
920
604
879
282
140
965
357
484
976
374
969
601
602
475
759
490
855
570
262
239
522
139
433
490
596
777
587
663
230
710
322
381
164
638
298
262
297
374
92
738
897
625
842
137
527
576
345
21
726
131
